-27.465981,153.019191
-27.466015,153.019361
-27.466111,153.019855
-27.466187,153.020457
-27.46626,153.020793
-27.466368,153.021026
-27.466695,153.021589
-27.466752,153.021722
-27.467011,153.022326
-27.466999,153.022336
-27.466988,153.022348
-27.466979,153.022359
-27.466973,153.022371
-27.466967,153.022382
-27.466964,153.022397
-27.466962,153.022416
-27.466964,153.022435
-27.466967,153.022453
-27.466976,153.022471
-27.466986,153.022484
-27.466997,153.022495
-27.467012,153.022505
-27.467025,153.022511
-27.467036,153.022514
-27.467049,153.022514
-27.467059,153.022513
-27.467072,153.022511
-27.467085,153.022507
-27.467096,153.022501
-27.467224,153.022719
-27.46743,153.022923
-27.467672,153.02311
-27.467756,153.023211
-27.467841,153.023313
-27.467841,153.023313
-27.468037,153.023548
-27.468657,153.024186
-27.468741,153.024283
-27.468734,153.02429
-27.468728,153.024297
-27.468722,153.02431
-27.468717,153.024327
-27.468715,153.024339
-27.468715,153.024353
-27.468718,153.02437
-27.468721,153.024382
-27.468733,153.024403
-27.468743,153.024412
-27.468754,153.024421
-27.468766,153.024427
-27.468784,153.024431
-27.468796,153.024431
-27.468804,153.024429
-27.468813,153.024427
-27.468823,153.024423
-27.46883,153.024419
-27.468917,153.024563
-27.469135,153.024767
-27.469606,153.025236
-27.469708,153.025257
-27.470328,153.024442
-27.4709,153.023684
-27.471515,153.022868
-27.471565,153.022706
-27.471595,153.022656
-27.471633,153.022574
-27.47166,153.022404
-27.472834,153.020147
-27.472972,153.019898
-27.473241,153.019451
-27.473688,153.018618
-27.473948,153.018267
-27.474007,153.018187
-27.474202,153.017846
-27.474202,153.017846
-27.474261,153.017743
-27.474317,153.017709
-27.474358,153.017705
-27.474403,153.017709
-27.474482,153.017755
-27.474792,153.01797
-27.475382,153.01843
-27.475857,153.018768
-27.476268,153.01906
-27.477558,153.019975
-27.4777,153.020076
-27.477989,153.020223
-27.478318,153.020391
-27.479342,153.02108
-27.479626,153.021272
-27.479719,153.021325
-27.480572,153.021817
-27.480681,153.021892
-27.481056,153.022149
-27.481056,153.022149
-27.481161,153.022222
-27.481401,153.022385
-27.481495,153.022425
-27.481651,153.02249
-27.481933,153.022645
-27.482127,153.022797
-27.482277,153.023018
-27.48247,153.02336
-27.482614,153.023665
-27.482694,153.023935
-27.48279,153.024295
-27.483209,153.026479
-27.483415,153.02683
-27.483752,153.02719
-27.484345,153.027855
-27.484396,153.027998
-27.484432,153.02817
-27.484472,153.028378
-27.484472,153.028378
-27.484517,153.028621
-27.484816,153.030593
-27.48488,153.031078
-27.48497,153.031463
-27.485074,153.0318
-27.485159,153.032027
-27.485261,153.032242
-27.485375,153.032367
-27.48549,153.032463
-27.485628,153.03256
-27.485794,153.032609
-27.486273,153.032557
-27.486607,153.032546
-27.48695,153.032597
-27.487412,153.032772
-27.487815,153.032933
-27.488061,153.033019
-27.488409,153.033118
-27.489308,153.033296
-27.490279,153.033557
-27.490948,153.033813
-27.491343,153.034023
-27.491771,153.034355
-27.491846,153.034413
-27.492219,153.034814
-27.49266,153.035378
-27.49306,153.035906
-27.493206,153.036094
-27.493565,153.036466
-27.494506,153.037273
-27.49535,153.037925
-27.49597,153.038361
-27.496956,153.039215
-27.497026,153.039277
-27.497249,153.039468
-27.497249,153.039468
-27.497287,153.039502
-27.497324,153.039534
-27.497545,153.039736
-27.497872,153.039898
-27.498508,153.040124
-27.498822,153.040175
-27.499246,153.040226
-27.499744,153.040276
-27.500597,153.040275
-27.501078,153.040224
-27.501331,153.04017
-27.501629,153.040104
-27.502274,153.03995
-27.503845,153.039656
-27.504494,153.039534
-27.505876,153.039275
-27.506722,153.039088
-27.507108,153.039021
-27.507431,153.038988
-27.507827,153.038984
-27.508188,153.039019
-27.508543,153.039082
-27.508873,153.039169
-27.509143,153.039267
-27.509868,153.03962
-27.510126,153.039768
-27.510717,153.040107
-27.511108,153.040332
-27.511108,153.040332
-27.51121,153.040391
-27.51169,153.040665
-27.512316,153.040993
-27.5125,153.041139
-27.512656,153.04126
-27.513104,153.041662
-27.513208,153.041781
-27.513467,153.042078
-27.513688,153.042391
-27.51401,153.042954
-27.516339,153.047694
-27.516988,153.048964
-27.517594,153.04988
-27.518225,153.050619
-27.518804,153.05119
-27.520024,153.052155
-27.521394,153.053321
-27.52214,153.053953
-27.522273,153.054059
-27.522993,153.054636
-27.523367,153.054942
-27.523837,153.055326
-27.524542,153.055795
-27.525002,153.05605
-27.525055,153.056079
-27.52544,153.056261
-27.525997,153.05642
-27.526282,153.056528
-27.526908,153.056796
-27.527713,153.057165
-27.528296,153.057335
-27.528753,153.057445
-27.528753,153.057445
-27.528835,153.057465
-27.529294,153.057534
-27.529866,153.057567
-27.530373,153.057581
-27.530886,153.057668
-27.534187,153.05838
-27.534585,153.058466
-27.534785,153.058505
-27.535384,153.058621
-27.535921,153.058796
-27.5363,153.058944
-27.536951,153.059201
-27.537149,153.059278
-27.537698,153.059425
-27.538509,153.059533
-27.539154,153.059653
-27.540203,153.059935
-27.541193,153.06031
-27.541873,153.060645
-27.543042,153.061329
-27.544044,153.062025
-27.545041,153.062842
-27.545473,153.063231
-27.545817,153.063571
-27.546411,153.064191
-27.546768,153.064615
-27.546768,153.064615
-27.546787,153.064637
-27.547059,153.06496
-27.547487,153.0654
-27.547774,153.065594
-27.547884,153.065668
-27.548457,153.06595
-27.548792,153.066127
-27.549353,153.066495
-27.549706,153.066793
-27.550171,153.067186
-27.550912,153.067812
-27.551658,153.068442
-27.551879,153.068629
-27.553752,153.070156
-27.557353,153.07321
-27.558819,153.074472
-27.558987,153.074617
-27.55976,153.075426
-27.561085,153.076841
-27.562349,153.078435
-27.563029,153.079493
-27.563532,153.080495
-27.563794,153.080978
-27.56398,153.081259
-27.564279,153.081709
-27.564279,153.081709
-27.564305,153.081748
-27.564327,153.08178
-27.565188,153.082664
-27.565946,153.083846
-27.567295,153.08592
-27.567746,153.08668
-27.568173,153.087605
-27.568803,153.08914
-27.569429,153.090274
-27.570227,153.0914
-27.570904,153.09256
-27.572668,153.095729
-27.572917,153.096119
-27.573109,153.096419
-27.574589,153.098728
-27.575197,153.099544
-27.575685,153.1
-27.577056,153.100882
-27.577542,153.101219
-27.577873,153.101449
-27.578405,153.101819
-27.578731,153.102008
