-27.465981,153.019191
-27.466015,153.019361
-27.466111,153.019855
-27.466187,153.020457
-27.46626,153.020793
-27.466368,153.021026
-27.466695,153.021589
-27.466752,153.021722
-27.467011,153.022326
-27.466999,153.022336
-27.466988,153.022348
-27.466979,153.022359
-27.466973,153.022371
-27.466967,153.022382
-27.466964,153.022397
-27.466962,153.022416
-27.466964,153.022435
-27.466967,153.022453
-27.466976,153.022471
-27.466986,153.022484
-27.466997,153.022495
-27.467012,153.022505
-27.467025,153.022511
-27.467036,153.022514
-27.467049,153.022514
-27.467059,153.022513
-27.467072,153.022511
-27.467085,153.022507
-27.467096,153.022501
-27.467224,153.022719
-27.46743,153.022923
-27.467672,153.02311
-27.467756,153.023211
-27.467996,153.023499
-27.467996,153.023499
-27.468037,153.023548
-27.468657,153.024186
-27.468741,153.024283
-27.468734,153.02429
-27.468728,153.024297
-27.468722,153.02431
-27.468717,153.024327
-27.468715,153.024339
-27.468715,153.024353
-27.468718,153.02437
-27.468721,153.024382
-27.468733,153.024403
-27.468743,153.024412
-27.468754,153.024421
-27.468766,153.024427
-27.468784,153.024431
-27.468796,153.024431
-27.468804,153.024429
-27.468813,153.024427
-27.468823,153.024423
-27.46883,153.024419
-27.468917,153.024563
-27.469135,153.024767
-27.469606,153.025236
-27.469708,153.025257
-27.470328,153.024442
-27.4709,153.023684
-27.471515,153.022868
-27.471565,153.022706
-27.471595,153.022656
-27.471633,153.022574
-27.47166,153.022404
-27.472834,153.020147
-27.472972,153.019898
-27.473241,153.019451
-27.473688,153.018618
-27.473948,153.018267
-27.474007,153.018187
-27.474202,153.017846
-27.474202,153.017846
-27.474261,153.017743
-27.474317,153.017709
-27.474358,153.017705
-27.474403,153.017709
-27.474482,153.017755
-27.474792,153.01797
-27.475382,153.01843
-27.475857,153.018768
-27.476268,153.01906
-27.477558,153.019975
-27.4777,153.020076
-27.477989,153.020223
-27.478318,153.020391
-27.479342,153.02108
-27.479626,153.021272
-27.479719,153.021325
-27.480572,153.021817
-27.480681,153.021892
-27.481056,153.022149
-27.481056,153.022149
-27.481161,153.022222
-27.481401,153.022385
-27.481495,153.022425
-27.481651,153.02249
-27.481933,153.022645
-27.482127,153.022797
-27.482277,153.023018
-27.48247,153.02336
-27.482614,153.023665
-27.482694,153.023935
-27.48279,153.024295
-27.483209,153.026479
-27.483415,153.02683
-27.483752,153.02719
-27.484345,153.027855
-27.484396,153.027998
-27.484432,153.02817
-27.484472,153.028378
-27.484472,153.028378
-27.484517,153.028621
-27.484816,153.030593
-27.48488,153.031078
-27.48497,153.031463
-27.485074,153.0318
-27.485159,153.032027
-27.485261,153.032242
-27.485375,153.032367
-27.48549,153.032463
-27.485628,153.03256
-27.485794,153.032609
-27.486273,153.032557
-27.486607,153.032546
-27.48695,153.032597
-27.487412,153.032772
-27.487815,153.032933
-27.488061,153.033019
-27.488409,153.033118
-27.489308,153.033296
-27.490279,153.033557
-27.490948,153.033813
-27.491343,153.034023
-27.491771,153.034355
-27.491846,153.034413
-27.492219,153.034814
-27.49266,153.035378
-27.49306,153.035906
-27.493206,153.036094
-27.493565,153.036466
-27.494506,153.037273
-27.49535,153.037925
-27.49597,153.038361
-27.496956,153.039215
-27.497026,153.039277
-27.497249,153.039468
-27.497249,153.039468
-27.497287,153.039502
-27.497324,153.039534
-27.497545,153.039736
-27.497872,153.039898
-27.498508,153.040124
-27.498822,153.040175
-27.498779,153.040365
-27.498714,153.040499
-27.498634,153.040576
-27.498422,153.040629
-27.498232,153.040651
-27.498063,153.0407
-27.497913,153.040713
-27.497586,153.040776
-27.497422,153.040876
-27.497339,153.040956
-27.497247,153.041137
-27.497175,153.041359
-27.497135,153.041625
-27.497129,153.041876
-27.497185,153.042157
-27.49727,153.04246
-27.497644,153.043542
-27.497748,153.043977
-27.497885,153.044636
-27.497885,153.044636
-27.497897,153.044698
-27.498013,153.045386
-27.498152,153.04653
-27.498191,153.047705
-27.498207,153.047978
-27.498257,153.048159
-27.498332,153.048304
-27.498421,153.048437
-27.498493,153.048592
-27.498535,153.048777
-27.498548,153.049177
-27.498567,153.049705
-27.498567,153.049705
-27.49857,153.049793
-27.498578,153.050033
-27.498588,153.050198
-27.498647,153.050375
-27.498735,153.050534
-27.498794,153.050686
-27.498799,153.05078
-27.498802,153.050981
-27.498768,153.051343
-27.498703,153.051669
-27.49854,153.05233
-27.498487,153.052468
-27.498422,153.052597
-27.498405,153.052683
-27.497993,153.053127
-27.497455,153.05385
-27.497398,153.053952
-27.496859,153.054741
-27.496452,153.055704
-27.496033,153.056768
-27.495814,153.057162
-27.495511,153.05755
-27.495388,153.057701
-27.495212,153.057863
-27.494903,153.058349
-27.494766,153.058607
-27.494766,153.058607
-27.49445,153.059204
-27.493471,153.060994
-27.49266,153.062444
-27.492544,153.062674
-27.492461,153.062945
-27.492356,153.063313
-27.492165,153.064004
-27.49212,153.064172
-27.492084,153.064357
-27.492069,153.064442
-27.491931,153.065481
-27.491869,153.065991
-27.491869,153.065991
-27.491825,153.066361
-27.491646,153.067621
-27.491516,153.068028
-27.491386,153.068485
-27.491239,153.068944
-27.491164,153.06926
-27.491123,153.06952
-27.491133,153.069702
-27.491253,153.070282
-27.491344,153.070668
-27.491457,153.071069
-27.491605,153.071465
-27.491704,153.071726
-27.491846,153.072029
-27.492191,153.072548
-27.492418,153.072889
-27.492481,153.073039
-27.492509,153.073226
-27.492529,153.07353
-27.492539,153.073813
-27.492551,153.074349
-27.492573,153.074575
-27.492577,153.074592
-27.492577,153.074592
-27.492634,153.074823
-27.492812,153.075409
-27.49286,153.075676
-27.493049,153.077226
-27.493059,153.077324
-27.493025,153.078239
-27.493031,153.07927
-27.493019,153.080082
-27.493011,153.081148
-27.493009,153.082163
-27.493015,153.083416
-27.493019,153.083656
-27.493091,153.08406
-27.493208,153.084368
-27.493306,153.084563
-27.493464,153.08477
-27.493798,153.085048
-27.494285,153.085425
-27.494382,153.085494
-27.495219,153.086107
-27.49535,153.086221
-27.495597,153.086516
-27.495708,153.086687
-27.495807,153.086951
-27.495844,153.087196
-27.495692,153.088305
-27.495692,153.088305
-27.495641,153.088672
-27.495537,153.089397
-27.495314,153.090789
-27.495283,153.091085
-27.495326,153.091588
-27.495374,153.092062
-27.495491,153.092997
-27.495513,153.093192
-27.495636,153.09411
-27.495687,153.094411
-27.495772,153.09512
-27.495848,153.095612
-27.496046,153.096465
-27.49628,153.097078
-27.496529,153.097622
-27.496861,153.098216
-27.498299,153.100035
-27.498847,153.100728
-27.49898,153.100882
-27.499377,153.101483
-27.499586,153.101818
-27.49981,153.102271
-27.499958,153.102636
-27.500144,153.103249
-27.500119,153.10355
-27.500042,153.103753
-27.499865,153.104015
-27.499746,153.104162
-27.499631,153.104275
-27.499523,153.104312
-27.499377,153.104322
-27.499242,153.104294
-27.49912,153.104236
-27.499039,153.104166
-27.498923,153.104009
-27.498933,153.103999
-27.498944,153.103982
-27.498952,153.103962
-27.498955,153.103942
-27.498955,153.103921
-27.498952,153.1039
-27.498944,153.10388
-27.498933,153.103863
-27.498919,153.103849
-27.498903,153.103838
-27.498878,153.103831
-27.498895,153.103688
-27.498936,153.103537
-27.499054,153.103372
-27.499201,153.10319
-27.499371,153.102999
-27.499542,153.102859
-27.499821,153.102695
-27.500171,153.102523
-27.500485,153.10239
-27.500828,153.102236
-27.500838,153.102262
-27.500851,153.102283
-27.500869,153.1023
-27.500889,153.102314
-27.500905,153.10232
-27.501,153.102845
-27.501042,153.102956
-27.50107,153.10302
-27.501127,153.103099
-27.501211,153.10316
-27.50131,153.103217
-27.501408,153.103245
-27.501501,153.10328
-27.501583,153.103363
-27.501657,153.103466
-27.501648,153.10348
-27.501636,153.103509
-27.50163,153.103541
-27.50163,153.103573
-27.501632,153.103585
-27.501636,153.103605
-27.501648,153.103634
-27.501665,153.10366
-27.501686,153.103682
-27.50171,153.103698
-27.501738,153.103708
-27.501766,153.103712
-27.501794,153.103709
-27.501822,153.103698
-27.501845,153.103682
-27.501867,153.10366
-27.501884,153.103634
-27.501895,153.103608
-27.502507,153.1035
-27.502673,153.103455
-27.502713,153.103414
-27.502763,153.103404
-27.503446,153.10327
-27.504175,153.103128
-27.504045,153.102463
-27.503409,153.102613
