-27.497764,153.018259
-27.497767,153.018298
-27.497787,153.018398
-27.497787,153.018459
-27.497769,153.018557
-27.497728,153.018678
-27.497686,153.018839
-27.497667,153.018998
-27.497668,153.019162
-27.49791,153.023638
-27.497927,153.023891
-27.497989,153.024279
-27.49801,153.024366
-27.498042,153.024542
-27.49805,153.024689
-27.498048,153.02478
-27.498048,153.02478
-27.498047,153.024799
-27.498042,153.024843
-27.498019,153.024981
-27.497955,153.02519
-27.497908,153.025295
-27.497203,153.026536
-27.496588,153.027414
-27.495978,153.028015
-27.495481,153.028416
-27.494915,153.02879
-27.494613,153.028952
-27.494167,153.029135
-27.493809,153.029205
-27.493713,153.02928
-27.493647,153.029411
-27.493616,153.029586
-27.493627,153.029783
-27.493676,153.029939
-27.493782,153.030099
-27.494092,153.030564
-27.494092,153.030564
-27.494153,153.030654
-27.494234,153.030776
-27.49433,153.030898
-27.494461,153.03101
-27.494594,153.031095
-27.49478,153.031173
-27.495035,153.031241
-27.495409,153.031258
-27.495738,153.031304
-27.495864,153.031356
-27.496028,153.031432
-27.496115,153.031482
-27.496297,153.031631
-27.496402,153.03185
-27.496427,153.031912
-27.496494,153.032126
-27.496531,153.032266
-27.496559,153.032415
-27.496724,153.033561
-27.496812,153.034188
-27.496812,153.034188
-27.49683,153.034317
-27.496847,153.034507
-27.496831,153.034649
-27.496802,153.034838
-27.496764,153.035023
-27.496732,153.035191
-27.496727,153.035244
-27.496724,153.035337
-27.496738,153.035579
-27.496824,153.036141
-27.496832,153.036392
-27.496746,153.036641
-27.496579,153.036904
-27.495598,153.037666
-27.495464,153.037816
-27.49535,153.037925
-27.494506,153.037273
-27.493565,153.036466
-27.493206,153.036094
-27.49306,153.035906
-27.49266,153.035378
-27.492219,153.034814
-27.491846,153.034413
-27.491771,153.034355
-27.491343,153.034023
-27.490948,153.033813
-27.490279,153.033557
-27.489308,153.033296
-27.488409,153.033118
-27.488061,153.033019
-27.487815,153.032933
-27.487412,153.032772
-27.48695,153.032597
-27.486607,153.032546
-27.486273,153.032557
-27.485794,153.032609
-27.485628,153.03256
-27.48549,153.032463
-27.485375,153.032367
-27.485261,153.032242
-27.485159,153.032027
-27.485074,153.0318
-27.48497,153.031463
-27.48488,153.031078
-27.484816,153.030593
-27.484517,153.028621
-27.484443,153.028229
-27.484443,153.028229
-27.484432,153.02817
-27.484396,153.027998
-27.484345,153.027855
-27.483752,153.02719
-27.483415,153.02683
-27.483209,153.026479
-27.48279,153.024295
-27.482694,153.023935
-27.482614,153.023665
-27.48247,153.02336
-27.482277,153.023018
-27.482127,153.022797
-27.481933,153.022645
-27.481651,153.02249
-27.481495,153.022425
-27.481401,153.022385
-27.481161,153.022222
-27.480687,153.021896
-27.480687,153.021896
-27.480681,153.021892
-27.480572,153.021817
-27.479719,153.021325
-27.479626,153.021272
-27.479342,153.02108
-27.478318,153.020391
-27.477989,153.020223
-27.4777,153.020076
-27.477558,153.019975
-27.476268,153.01906
-27.475857,153.018768
-27.475382,153.01843
-27.474792,153.01797
-27.474482,153.017755
-27.474403,153.017709
-27.474358,153.017705
-27.474317,153.017709
-27.474261,153.017743
-27.474007,153.018187
-27.473948,153.018267
-27.473688,153.018618
-27.473252,153.019429
-27.473252,153.019429
-27.473241,153.019451
-27.472972,153.019898
-27.472834,153.020147
-27.47166,153.022404
-27.471633,153.022574
-27.471595,153.022656
-27.471565,153.022706
-27.471515,153.022868
-27.4709,153.023684
-27.470328,153.024442
-27.469708,153.025257
-27.469606,153.025236
-27.469135,153.024767
-27.468917,153.024563
-27.46883,153.024419
-27.468837,153.024413
-27.468847,153.024402
-27.468852,153.024395
-27.468857,153.024387
-27.46886,153.024375
-27.468864,153.024364
-27.468865,153.024355
-27.468865,153.024338
-27.468862,153.024323
-27.468857,153.024307
-27.468849,153.024294
-27.46884,153.024283
-27.468829,153.024275
-27.468821,153.02427
-27.468806,153.024264
-27.4688,153.024263
-27.468788,153.024262
-27.468775,153.024264
-27.468764,153.024267
-27.468754,153.024272
-27.468747,153.024278
-27.468741,153.024283
-27.468657,153.024186
-27.468488,153.024013
-27.468488,153.024013
-27.468037,153.023548
-27.467756,153.023211
-27.467672,153.02311
-27.46743,153.022923
-27.467224,153.022719
-27.467096,153.022501
-27.467107,153.02249
-27.467116,153.02248
-27.467124,153.022468
-27.467131,153.022453
-27.467134,153.022438
-27.467137,153.022423
-27.467137,153.02241
-27.467135,153.022387
-27.467131,153.022374
-27.467125,153.022361
-27.467117,153.022351
-27.467107,153.022342
-27.467094,153.022332
-27.46708,153.022324
-27.467066,153.022319
-27.46705,153.022318
-27.467033,153.022319
-27.467022,153.022322
-27.467011,153.022326
-27.466752,153.021722
-27.466695,153.021589
-27.466368,153.021026
-27.46626,153.020793
-27.466187,153.020457
-27.466111,153.019855
-27.46602,153.019389
-27.46602,153.019389
-27.466015,153.019361
-27.465964,153.019103
-27.465911,153.01883
-27.465753,153.018203
-27.465674,153.017893
-27.465466,153.017024
-27.465577,153.016967
-27.465665,153.01691
-27.465762,153.016751
-27.465762,153.016617
-27.465751,153.016492
-27.465725,153.016427
-27.465627,153.016325
-27.465057,153.016073
-27.464605,153.015974
-27.463742,153.015817
-27.463611,153.015794
-27.463145,153.015712
-27.462924,153.015678
-27.462622,153.015604
-27.461562,153.015267
-27.461334,153.015186
-27.461007,153.015062
-27.460537,153.014923
-27.460093,153.014827
-27.459754,153.014792
-27.459606,153.014794
-27.459468,153.014804
-27.459345,153.01483
-27.459252,153.01486
-27.459163,153.014905
-27.459087,153.01497
-27.458888,153.015142
-27.458888,153.015142
-27.458863,153.015165
-27.458699,153.015308
-27.458632,153.015367
-27.458265,153.015705
-27.458122,153.015855
-27.457981,153.016021
-27.457911,153.016174
-27.457747,153.016489
-27.457643,153.016746
-27.457558,153.017075
-27.457512,153.017324
-27.457492,153.017588
-27.45746,153.017837
-27.457336,153.018093
-27.457185,153.018247
-27.456989,153.018386
-27.4568,153.018444
-27.456597,153.018444
-27.456297,153.018387
-27.454905,153.018056
-27.454448,153.017961
-27.454246,153.017939
-27.453913,153.017924
-27.453494,153.017931
-27.45307,153.017997
-27.452438,153.018101
-27.45187,153.018195
-27.45187,153.018195
-27.451615,153.018236
-27.451417,153.018268
-27.451165,153.018316
-27.45111,153.018326
-27.450842,153.018385
-27.450581,153.018502
-27.450307,153.018685
-27.450058,153.018934
-27.449843,153.019234
-27.449679,153.0196
-27.449581,153.019974
-27.449464,153.020537
-27.44932,153.021138
-27.449281,153.021599
-27.449261,153.022068
-27.449313,153.022566
-27.449424,153.023078
-27.449639,153.023854
-27.449718,153.024294
-27.449748,153.024522
-27.449829,153.02515
-27.449848,153.025322
-27.449848,153.025322
-27.449856,153.025398
-27.449887,153.025678
-27.4499,153.025905
-27.449972,153.026044
-27.450044,153.026124
-27.450149,153.026183
-27.450448,153.026275
-27.450553,153.02634
-27.450635,153.026446
-27.450729,153.026637
-27.450766,153.026827
-27.450779,153.027053
-27.45076,153.027343
-27.450697,153.027703
-27.450632,153.027912
-27.450472,153.028253
-27.450322,153.028416
-27.450115,153.028578
-27.449795,153.028726
-27.447449,153.029139
-27.447002,153.029218