-27.491457,153.102629
-27.49166,153.103729
-27.491742,153.104224
-27.491817,153.104742
-27.491906,153.105355
-27.492017,153.106101
-27.492169,153.107154
-27.492169,153.107154
-27.492203,153.107381
-27.492285,153.107946
-27.492329,153.108246
-27.492402,153.108238
-27.492933,153.108148
-27.493595,153.108025
-27.493595,153.108025
-27.494454,153.107865
-27.495359,153.107702
-27.495901,153.107557
-27.495901,153.107557
-27.496065,153.107514
-27.496331,153.107454
-27.496799,153.107356
-27.497047,153.10728
-27.497371,153.106739
-27.497795,153.106022
-27.497898,153.105841
-27.497907,153.105822
-27.497907,153.105822
-27.498022,153.105568
-27.498153,153.105218
-27.498602,153.104134
-27.498664,153.104036
-27.498785,153.103973
-27.498788,153.103982
-27.498799,153.103999
-27.498813,153.104014
-27.498829,153.104024
-27.498847,153.10403
-27.498866,153.104032
-27.498885,153.10403
-27.498903,153.104024
-27.498923,153.104009
-27.498933,153.103999
-27.498944,153.103982
-27.498952,153.103962
-27.498955,153.103942
-27.498955,153.103921
-27.498952,153.1039
-27.498944,153.10388
-27.498933,153.103863
-27.498919,153.103849
-27.498903,153.103838
-27.498878,153.103831
-27.498895,153.103688
-27.498936,153.103537
-27.499054,153.103372
-27.499201,153.10319
-27.499371,153.102999
-27.499542,153.102859
-27.499821,153.102695
-27.500171,153.102523
-27.500485,153.10239
-27.500828,153.102236
-27.500838,153.102262
-27.500851,153.102283
-27.500869,153.1023
-27.500889,153.102314
-27.500905,153.10232
-27.501,153.102845
-27.501042,153.102956
-27.50107,153.10302
-27.501127,153.103099
-27.501211,153.10316
-27.50131,153.103217
-27.501408,153.103245
-27.501501,153.10328
-27.501583,153.103363
-27.501657,153.103466
-27.501648,153.10348
-27.501636,153.103509
-27.50163,153.103541
-27.50163,153.103573
-27.501632,153.103585
-27.501636,153.103605
-27.501648,153.103634
-27.501665,153.10366
-27.501686,153.103682
-27.50171,153.103698
-27.501738,153.103708
-27.501766,153.103712
-27.501794,153.103709
-27.501822,153.103698
-27.501845,153.103682
-27.501867,153.10366
-27.501884,153.103634
-27.501895,153.103608
-27.502507,153.1035
-27.502673,153.103455
-27.502713,153.103414
-27.502763,153.103404
-27.503446,153.10327
-27.504175,153.103128
-27.504045,153.102463
-27.503321,153.102633
-27.503124,153.102679
-27.503124,153.102679
-27.502657,153.102788
-27.502763,153.103404
-27.503446,153.10327
-27.504175,153.103128
-27.504667,153.103032
-27.504842,153.102974
-27.505393,153.102653
-27.505567,153.102561
-27.505648,153.102564
-27.505651,153.102607
-27.505658,153.102624
-27.505682,153.102653
-27.505697,153.102663
-27.505714,153.102669
-27.505731,153.102671
-27.505765,153.102663
-27.505793,153.10264
-27.505807,153.102615
-27.505871,153.102653
-27.505987,153.102764
-27.506066,153.102882
-27.506133,153.103003
-27.506192,153.10312
-27.506246,153.103307
-27.506309,153.103817
-27.507692,153.104
-27.509094,153.103755
-27.509646,153.103686
-27.510367,153.103737
-27.510367,153.103737
-27.510614,153.103754
-27.511072,153.103795
-27.511544,153.103826
-27.511796,153.103813
-27.512006,153.103741
-27.512267,153.103552
-27.51254,153.103196
-27.512624,153.102943
-27.512695,153.102336
-27.51275,153.101154
-27.5128,153.100311
-27.5128,153.100311
-27.512812,153.100092
-27.512778,153.0996
-27.512756,153.099344
-27.512686,153.099023
-27.512578,153.098621
-27.512511,153.098329
-27.512453,153.098176
-27.512408,153.098031
-27.512333,153.097755
-27.512214,153.097318
-27.512107,153.096941
-27.512107,153.096941
-27.511834,153.095985
-27.511402,153.095288
-27.511011,153.094798
-27.510722,153.094479
-27.51058,153.094302
-27.51058,153.094302
-27.510061,153.093656
-27.509668,153.092981
-27.509668,153.092981
-27.50946,153.092625
-27.508924,153.092111
-27.507815,153.09235
-27.507485,153.092392
-27.507485,153.092392
-27.506821,153.092478
-27.506487,153.092373
-27.505965,153.092461
-27.505072,153.09264
-27.504671,153.092715
-27.504614,153.092726
-27.504614,153.092726
-27.504263,153.092793
-27.504261,153.092779
-27.504253,153.092759
-27.504242,153.092742
-27.504228,153.092728
-27.504212,153.092717
-27.504194,153.092711
-27.504175,153.092709
-27.50416,153.092711
-27.504138,153.092717
-27.504122,153.092729
-27.504108,153.092742
-27.504097,153.092759
-27.504089,153.092779
-27.504086,153.092799
-27.504087,153.092827
-27.503278,153.092981
-27.503176,153.092996
-27.50281,153.093066
-27.50281,153.093066
-27.500768,153.093453
-27.500434,153.093516
-27.500434,153.093516
-27.497897,153.093997
-27.497583,153.094054
-27.497285,153.094111
-27.497285,153.094111
-27.496783,153.094207
-27.495823,153.094384
-27.495714,153.093349
-27.495714,153.093349
-27.495692,153.093149
-27.495667,153.092974
-27.495552,153.092066
-27.495529,153.091851
-27.495529,153.091851
-27.495496,153.091559
-27.49547,153.091071
-27.495525,153.090469
-27.495673,153.089419
-27.495696,153.089271
-27.495696,153.089271
-27.495791,153.088695
-27.496019,153.087167
-27.495976,153.086871
-27.495868,153.086596
-27.495688,153.086334
-27.495443,153.086095
-27.495299,153.085982
-27.494846,153.085634
-27.494846,153.085634
-27.494496,153.085366
-27.494382,153.08528
-27.493882,153.084883
-27.493663,153.084643
-27.49347,153.084394
-27.493338,153.084167
-27.49321,153.0838
-27.49321,153.0838
-27.493156,153.083644
-27.493136,153.083414
-27.49315,153.082159
-27.493158,153.080615
-27.493161,153.080291
-27.493161,153.080291
-27.493163,153.080082
-27.493163,153.079563
-27.493167,153.078231
-27.493165,153.077305
-27.493161,153.077196
-27.49307,153.076516
-27.492923,153.075514
-27.492741,153.074836
-27.492741,153.074836
-27.492664,153.074547
-27.492634,153.07414
-27.49261,153.073501
-27.492596,153.073226
-27.49258,153.073069
-27.492521,153.072928
-27.492452,153.072798
-27.492276,153.072525
-27.492146,153.072336
-27.491895,153.071932
-27.491756,153.071594
-27.491715,153.071473
-27.491565,153.071069
-27.491447,153.070634
-27.491356,153.070259
-27.491225,153.069697
-27.491217,153.069426
-27.491257,153.06924
-27.491347,153.068971
-27.491488,153.068518
-27.491552,153.068351
-27.491567,153.068302
-27.491741,153.067725
-27.491784,153.067569
-27.491936,153.066376
-27.492085,153.065119
-27.492181,153.064398
-27.492447,153.063368
-27.492552,153.062992
-27.492638,153.06272
-27.49277,153.062467
-27.493597,153.061072
-27.494574,153.059286
-27.494824,153.058778
-27.494824,153.058778
-27.49501,153.058401
-27.495388,153.057701
-27.495511,153.05755
-27.495814,153.057162
-27.496033,153.056768
-27.496452,153.055704
-27.496859,153.054741
-27.497398,153.053952
-27.497455,153.05385
-27.497993,153.053127
-27.498405,153.052683
-27.498479,153.052645
-27.498548,153.05255
-27.498597,153.052436
-27.498741,153.051963
-27.498852,153.05158
-27.498896,153.051395
-27.498922,153.051169
-27.498932,153.050846
-27.498929,153.05075
-27.498794,153.050686
-27.498735,153.050534
-27.498647,153.050375
-27.498588,153.050198
-27.498578,153.050033
-27.49857,153.049793
-27.49855,153.049228
-27.49855,153.049228
-27.498548,153.049177
-27.498535,153.048777
-27.498493,153.048592
-27.498421,153.048437
-27.498332,153.048304
-27.498257,153.048159
-27.498207,153.047978
-27.498191,153.047705
-27.498152,153.04653
-27.498013,153.045386
-27.497897,153.044698
-27.497754,153.044008
-27.497754,153.044008
-27.497748,153.043977
-27.497644,153.043542
-27.49727,153.04246
-27.497185,153.042157
-27.497129,153.041876
-27.497135,153.041625
-27.497175,153.041359
-27.497247,153.041137
-27.497339,153.040956
-27.497422,153.040876
-27.497586,153.040776
-27.497913,153.040713
-27.498063,153.0407
-27.498232,153.040651
-27.498422,153.040629
-27.498634,153.040576
-27.498714,153.040499
-27.498779,153.040365
-27.498822,153.040175
-27.498508,153.040124
-27.497872,153.039898
-27.497545,153.039736
-27.497324,153.039534
-27.497287,153.039502
-27.497026,153.039277
-27.496956,153.039215
-27.49597,153.038361
-27.49535,153.037925
-27.494506,153.037273
-27.493565,153.036466
-27.493206,153.036094
-27.49306,153.035906
-27.49266,153.035378
-27.492219,153.034814
-27.491846,153.034413
-27.491771,153.034355
-27.491343,153.034023
-27.490948,153.033813
-27.490279,153.033557
-27.489308,153.033296
-27.488409,153.033118
-27.488061,153.033019
-27.487815,153.032933
-27.487412,153.032772
-27.48695,153.032597
-27.486607,153.032546
-27.486273,153.032557
-27.485794,153.032609
-27.485628,153.03256
-27.48549,153.032463
-27.485375,153.032367
-27.485261,153.032242
-27.485159,153.032027
-27.485074,153.0318
-27.48497,153.031463
-27.48488,153.031078
-27.484816,153.030593
-27.485231,153.0305
-27.485634,153.030409
-27.485689,153.03081
-27.485691,153.030875
-27.485672,153.03093
-27.48562,153.030992
-27.485568,153.031014
-27.48534,153.031041
-27.485136,153.031076
-27.485072,153.03111
-27.484564,153.031187
-27.484351,153.031219
-27.484143,153.031225
-27.483936,153.031188
-27.483748,153.031137
-27.48366,153.031168
-27.483343,153.031036
-27.483051,153.030892
-27.482848,153.030776
-27.482738,153.030697
-27.482165,153.030226
-27.479281,153.027998
-27.477185,153.026369
-27.47717,153.026272
-27.476725,153.025862
-27.475742,153.025112
-27.475537,153.025038
-27.475379,153.02503
-27.475271,153.025053
-27.47517,153.0251
-27.475094,153.025153
-27.475007,153.025226
-27.474776,153.025528
-27.474712,153.025602
-27.474598,153.025734
-27.474541,153.025803
-27.474008,153.026525
-27.473478,153.027199
-27.473478,153.027199
-27.472962,153.027856
-27.472688,153.028209
-27.471372,153.029896
-27.471123,153.030217
-27.47089,153.030518
-27.470131,153.02978
-27.469878,153.030091
-27.469754,153.03024
-27.469706,153.03029
-27.469588,153.0303
-27.469338,153.030257
-27.468963,153.030193
-27.468963,153.030193
-27.468516,153.030118
-27.468187,153.029792
-27.467787,153.029368
-27.467564,153.029672
-27.467487,153.029772
-27.467395,153.029883
-27.467244,153.029987
-27.466444,153.030208
-27.466358,153.030231
-27.466358,153.030231
-27.465869,153.030365
-27.465719,153.030318
-27.465317,153.029914
-27.464934,153.029545
-27.464193,153.028793
-27.46384,153.028469
-27.46384,153.028469
-27.463559,153.028211
-27.463334,153.02799
-27.463014,153.027669
-27.462713,153.027376
-27.462713,153.027376
-27.461991,153.026671
-27.461991,153.026671
-27.461691,153.026378
-27.461163,153.026553
-27.460737,153.026979
-27.460484,153.027229
-27.460484,153.027229
-27.460382,153.027329
-27.460091,153.027618
-27.459624,153.028079
-27.458975,153.028717
-27.458975,153.028717
-27.458726,153.028961
-27.458622,153.029073
-27.45807,153.029612
-27.458251,153.029847
-27.458251,153.029847
-27.458488,153.030154
-27.459022,153.030823
-27.459598,153.031517
-27.459598,153.031517
-27.459874,153.031852
-27.459543,153.031838
-27.459375,153.031866
-27.459023,153.032125
-27.458711,153.032465
-27.458084,153.033045
-27.457431,153.033692
-27.457189,153.033935
